0  0.30483  0.408641  0.489095  0.498855  0.489412  0.486459  0.494234  0.493087  0.479385  0.496979  0.483759  0.480136  0.47703  0.477207  0.497532  0.484159  0.476645  0.489751  0.493965  0.476221  0.496685  0.475717  0.50001  0.480632  0.48679  0.48649  0.480419  0.474091  0.470923  0.476402  0.481586  0.491508  0.486999  0.483185  0.498213  0.481174  0.47134  0.483282  0.490755  0.483459  0.483595  0.472775  0.485666  0.474863  0.485083  0.470407  0.48214  0.494974  0.485483  0.478668  0.484544  0.467263  0.477997  0.480819  0.479552  0.456814  0.476084  0.495737  0.476932  0.474194  
0.30483  0  0.392433  0.481767  0.495578  0.485733  0.486602  0.485672  0.498229  0.499659  0.491694  0.473258  0.486033  0.492136  0.4861  0.484182  0.479878  0.469732  0.479452  0.496836  0.494687  0.495724  0.48864  0.501646  0.493525  0.481705  0.489549  0.48676  0.491392  0.487807  0.493598  0.493124  0.486924  0.488504  0.494021  0.498171  0.487322  0.481761  0.516103  0.501995  0.491731  0.494502  0.491574  0.494471  0.489171  0.483488  0.482918  0.495635  0.496821  0.492645  0.477876  0.485559  0.495847  0.469393  0.491186  0.487596  0.494249  0.485305  0.505386  0.488225  0.485547  
0.408641  0.392433  0  0.48117  0.488241  0.481709  0.488077  0.482828  0.486532  0.466398  0.489949  0.474265  0.482933  0.489977  0.46471  0.495568  0.480402  0.470626  0.486299  0.498294  0.483055  0.476794  0.48526  0.489896  0.483226  0.471655  0.488631  0.490629  0.480815  0.472841  0.489369  0.480726  0.49061  0.482651  0.488131  0.49153  0.481916  0.476104  0.48327  0.498736  0.47557  0.473116  0.479708  0.485449  0.471683  0.489515  0.478212  0.482783  0.484201  0.485877  0.472624  0.48432  0.482136  0.465146  0.483888  0.487805  0.480487  0.480891  0.494666  0.471201  0.480363  
0.489095  0.481767  0.48117  0  0.319742  0.216795  0.260912  0.202616  0.384499  0.313096  0.190688  0.290122  0.312766  0.187225  0.207373  0.292314  0.218037  0.218955  0.259346  0.230273  0.253253  0.248649  0.219194  0.238808  0.223448  0.20198  0.285713  0.217851  0.226786  0.234285  0.238557  0.208325  0.250505  0.131627  0.266144  0.227691  0.111738  0.255369  0.287235  0.332779  0.243819  0.277526  0.254199  0.194473  0.222323  0.144786  0.199972  0.308153  0.209101  0.36059  0.29685  0.231221  0.318847  0.186604  0.180272  0.213932  0.315997  0.2257  0.385209  0.232998  0.228971  
0.498855  0.495578  0.488241  0.319742  0  0.307398  0.329445  0.303356  0.309377  0.29041  0.282476  0.35745  0.210636  0.285535  0.336105  0.356532  0.336354  0.347706  0.342493  0.332388  0.324352  0.288192  0.27828  0.321957  0.270598  0.339534  0.249042  0.264816  0.279663  0.351608  0.278579  0.325633  0.335852  0.291491  0.369727  0.333688  0.288474  0.321741  0.362127  0.297625  0.319171  0.275958  0.334996  0.285524  0.337832  0.271086  0.301222  0.391032  0.324054  0.256837  0.238058  0.310903  0.275268  0.308301  0.281073  0.288772  0.269654  0.341113  0.303141  0.335939  0.33267  
0.489412  0.485733  0.481709  0.216795  0.307398  0  0.227745  0.191915  0.367093  0.31531  0.191458  0.274757  0.293406  0.176051  0.253606  0.264874  0.268335  0.273653  0.252138  0.283013  0.245015  0.191219  0.250627  0.212135  0.239344  0.22225  0.288682  0.248276  0.254935  0.258555  0.262953  0.242722  0.26177  0.227462  0.311197  0.22665  0.211467  0.232884  0.293603  0.352893  0.263084  0.28014  0.269938  0.17571  0.245169  0.217579  0.206698  0.321739  0.244148  0.339494  0.290152  0.24961  0.310057  0.228482  0.168934  0.193177  0.311201  0.2236  0.369192  0.262806  0.22691  
0.486459  0.486602  0.488077  0.260912  0.329445  0.227745  0  0.276708  0.371578  0.385322  0.255083  0.26901  0.364402  0.222672  0.237939  0.284714  0.258168  0.248372  0.263131  0.262212  0.235179  0.262075  0.262461  0.250464  0.25161  0.281433  0.313783  0.250133  0.256511  0.266647  0.278246  0.259116  0.244414  0.253482  0.309394  0.319049  0.251159  0.266084  0.326897  0.32862  0.268544  0.291255  0.289435  0.227856  0.267215  0.225599  0.238291  0.32258  0.243576  0.363588  0.343481  0.251348  0.319794  0.22969  0.210577  0.282361  0.333054  0.179741  0.377082  0.266101  0.252254  
0.494234  0.485672  0.482828  0.202616  0.303356  0.191915  0.276708  0  0.382022  0.342819  0.210918  0.301355  0.31017  0.229376  0.256752  0.273367  0.284774  0.280931  0.276479  0.279046  0.271009  0.232812  0.2611  0.254433  0.280202  0.183119  0.277672  0.275446  0.264371  0.286801  0.299716  0.279527  0.277021  0.249516  0.290757  0.241461  0.220697  0.286844  0.342185  0.364943  0.287087  0.305934  0.303416  0.230553  0.26717  0.241605  0.243634  0.321562  0.249096  0.350061  0.313107  0.269415  0.324872  0.232402  0.224441  0.234274  0.311167  0.261982  0.38194  0.288194  0.282277  
0.493087  0.498229  0.486532  0.384499  0.309377  0.367093  0.371578  0.382022  0  0.33113  0.360379  0.380899  0.300251  0.371416  0.360741  0.395337  0.404924  0.408327  0.372685  0.401294  0.375985  0.37136  0.371492  0.3986  0.353382  0.371516  0.312958  0.370451  0.375968  0.391541  0.37221  0.394077  0.385234  0.369117  0.407885  0.383225  0.368732  0.376528  0.41606  0.243329  0.364266  0.334964  0.387044  0.375613  0.376792  0.381667  0.375505  0.407074  0.396739  0.179636  0.334407  0.380616  0.261079  0.385832  0.365387  0.390358  0.342784  0.402669  0.0991861  0.398857  0.372434  
0.479385  0.499659  0.466398  0.313096  0.29041  0.31531  0.385322  0.342819  0.33113  0  0.314183  0.321503  0.173827  0.312412  0.341761  0.361042  0.344845  0.350161  0.344445  0.324401  0.318991  0.348212  0.318217  0.357609  0.316296  0.330397  0.176462  0.326628  0.319039  0.317412  0.334472  0.32478  0.347471  0.323184  0.319012  0.264116  0.33289  0.325653  0.347071  0.303751  0.33906  0.314353  0.339038  0.298734  0.346389  0.330329  0.335578  0.403812  0.331691  0.278694  0.224374  0.341004  0.299279  0.324114  0.302657  0.30682  0.151939  0.37593  0.347508  0.318009  0.348439  
0.496979  0.491694  0.489949  0.190688  0.282476  0.191458  0.255083  0.210918  0.360379  0.314183  0  0.301326  0.304333  0.129472  0.23456  0.276149  0.249362  0.269042  0.234832  0.260028  0.26465  0.160398  0.233519  0.172347  0.237185  0.240008  0.288859  0.222799  0.23838  0.226193  0.270874  0.250403  0.264248  0.190195  0.261327  0.207531  0.184311  0.295112  0.312452  0.33824  0.255535  0.274582  0.267669  0.158185  0.230438  0.172217  0.220087  0.326731  0.193834  0.332602  0.28011  0.22585  0.305494  0.209553  0.131451  0.187519  0.28621  0.262432  0.352627  0.219461  0.240223  
0.483759  0.473258  0.474265  0.290122  0.35745  0.274757  0.26901  0.301355  0.380899  0.321503  0.301326  0  0.312477  0.243513  0.253495  0.297271  0.294555  0.295349  0.307105  0.323139  0.248555  0.308165  0.304107  0.3208  0.309247  0.320814  0.294445  0.308749  0.323416  0.29492  0.33466  0.300446  0.264773  0.293324  0.321944  0.351152  0.297048  0.239988  0.377621  0.38262  0.277698  0.293135  0.292156  0.243413  0.275873  0.29354  0.234436  0.31188  0.292873  0.346862  0.305816  0.27981  0.29338  0.255733  0.240961  0.315085  0.328541  0.248243  0.390976  0.30358  0.268615  
0.480136  0.486033  0.482933  0.312766  0.210636  0.293406  0.364402  0.31017  0.300251  0.173827  0.304333  0.312477  0  0.300643  0.3125  0.357295  0.326603  0.348893  0.337452  0.331114  0.332109  0.31762  0.301364  0.317587  0.304397  0.306538  0.125325  0.309314  0.293427  0.326191  0.324161  0.324552  0.324714  0.315422  0.335053  0.292287  0.309017  0.305121  0.383324  0.302089  0.312352  0.264017  0.345625  0.295239  0.306961  0.301781  0.288382  0.38661  0.324595  0.227922  0.221572  0.299536  0.237394  0.295411  0.281317  0.273527  0.174315  0.350351  0.317688  0.331006  0.34795  
0.47703  0.492136  0.489977  0.187225  0.285535  0.176051  0.222672  0.229376  0.371416  0.312412  0.129472  0.243513  0.300643  0  0.228267  0.273257  0.238822  0.240105  0.258686  0.257452  0.244918  0.172423  0.214878  0.175967  0.2335  0.242533  0.273326  0.232544  0.227875  0.175321  0.246123  0.224081  0.23274  0.181587  0.208615  0.239487  0.15945  0.235626  0.301404  0.313317  0.242049  0.277544  0.226404  0.0825572  0.215435  0.156306  0.192671  0.266655  0.176848  0.337013  0.277307  0.23339  0.300534  0.215261  0.0356885  0.20779  0.288187  0.232427  0.373502  0.18707  0.236596  
0.477207  0.4861  0.46471  0.207373  0.336105  0.253606  0.237939  0.256752  0.360741  0.341761  0.23456  0.253495  0.3125  0.228267  0  0.293192  0.173708  0.204326  0.296596  0.203166  0.16398  0.256904  0.20393  0.257854  0.19734  0.190867  0.311519  0.193583  0.200398  0.26497  0.212373  0.172996  0.256804  0.237654  0.308808  0.269415  0.235248  0.223347  0.331352  0.342023  0.126665  0.296102  0.183975  0.24586  0.12448  0.241841  0.185303  0.210914  0.222848  0.326041  0.297438  0.196746  0.241262  0.151233  0.21799  0.190396  0.341033  0.229703  0.372268  0.27558  0.115156  
0.497532  0.484182  0.495568  0.292314  0.356532  0.264874  0.284714  0.273367  0.395337  0.361042  0.276149  0.297271  0.357295  0.273257  0.293192  0  0.282008  0.294762  0.282522  0.335557  0.299651  0.242283  0.268396  0.312461  0.29018  0.290641  0.305303  0.264129  0.25444  0.310024  0.324689  0.315501  0.11773  0.298368  0.359545  0.29829  0.29838  0.265263  0.347467  0.398929  0.308155  0.348347  0.316421  0.286844  0.246472  0.30689  0.262726  0.369175  0.29076  0.383322  0.338811  0.240847  0.286872  0.297973  0.267441  0.28816  0.331755  0.297308  0.386966  0.317563  0.270013  
0.484159  0.479878  0.480402  0.218037  0.336354  0.268335  0.258168  0.284774  0.404924  0.344845  0.249362  0.294555  0.326603  0.238822  0.173708  0.282008  0  0.0562929  0.295293  0.139549  0.188093  0.276327  0.200794  0.26008  0.192313  0.244114  0.318192  0.169458  0.201991  0.234618  0.197244  0.105675  0.275978  0.235444  0.254119  0.268837  0.21997  0.201448  0.321937  0.362969  0.19619  0.292195  0.182679  0.235918  0.161617  0.246141  0.155621  0.267163  0.226663  0.353261  0.282315  0.165279  0.31806  0.0912242  0.221728  0.172831  0.333144  0.234051  0.40783  0.243434  0.1824  
0.476645  0.469732  0.470626  0.218955  0.347706  0.273653  0.248372  0.280931  0.408327  0.350161  0.269042  0.295349  0.348893  0.240105  0.204326  0.294762  0.0562929  0  0.305233  0.159961  0.192666  0.286291  0.211504  0.273542  0.203096  0.251693  0.323893  0.207528  0.216295  0.228962  0.210016  0.102832  0.266892  0.253759  0.263478  0.28471  0.232214  0.201742  0.330739  0.366286  0.198742  0.288538  0.217285  0.237729  0.196445  0.257662  0.171261  0.262979  0.239164  0.367719  0.310034  0.192421  0.324763  0.102937  0.228826  0.226899  0.342398  0.232432  0.409378  0.239336  0.161713  
0.489751  0.479452  0.486299  0.259346  0.342493  0.252138  0.263131  0.276479  0.372685  0.344445  0.234832  0.307105  0.337452  0.258686  0.296596  0.282522  0.295293  0.305233  0  0.30184  0.309763  0.248975  0.281836  0.267298  0.284931  0.269304  0.32748  0.292707  0.285231  0.276131  0.301924  0.30992  0.282049  0.249423  0.319341  0.304098  0.272392  0.262618  0.318123  0.357805  0.349308  0.295469  0.34169  0.254894  0.322357  0.243243  0.253333  0.379072  0.254439  0.336194  0.309455  0.27952  0.317693  0.290484  0.250358  0.24991  0.353547  0.260768  0.390716  0.274033  0.320872  
0.493965  0.496836  0.498294  0.230273  0.332388  0.283013  0.262212  0.279046  0.401294  0.324401  0.260028  0.323139  0.331114  0.257452  0.203166  0.335557  0.139549  0.159961  0.30184  0  0.179265  0.31016  0.188262  0.296766  0.212118  0.257326  0.307552  0.173937  0.193367  0.285159  0.21707  0.127426  0.280661  0.258819  0.307227  0.305292  0.249917  0.248348  0.332493  0.339819  0.227893  0.29306  0.220982  0.255199  0.173076  0.24908  0.194117  0.323978  0.274562  0.355672  0.312359  0.198712  0.312198  0.117289  0.239986  0.174055  0.318928  0.27233  0.379841  0.281241  0.21648  
0.476221  0.494687  0.483055  0.253253  0.324352  0.245015  0.235179  0.271009  0.375985  0.318991  0.26465  0.248555  0.332109  0.244918  0.16398  0.299651  0.188093  0.192666  0.309763  0.179265  0  0.277682  0.165475  0.281117  0.150253  0.245764  0.300253  0.184754  0.174878  0.280425  0.200216  0.169677  0.25521  0.252838  0.339187  0.304105  0.258704  0.201073  0.337722  0.315905  0.178251  0.299029  0.145673  0.246034  0.192249  0.259615  0.18755  0.251693  0.279206  0.338571  0.308116  0.174537  0.274085  0.188738  0.237905  0.22388  0.336583  0.251174  0.37398  0.273075  0.164431  
0.496685  0.495724  0.476794  0.248649  0.288192  0.191219  0.262075  0.232812  0.37136  0.348212  0.160398  0.308165  0.31762  0.172423  0.256904  0.242283  0.276327  0.286291  0.248975  0.31016  0.277682  0  0.282087  0.185246  0.271594  0.215646  0.304533  0.276322  0.293525  0.218836  0.285336  0.275528  0.282944  0.210731  0.264235  0.235832  0.216291  0.29452  0.313431  0.357584  0.290585  0.290783  0.29711  0.177036  0.280165  0.214085  0.268795  0.35523  0.196394  0.352295  0.30781  0.287394  0.312355  0.263017  0.17767  0.261187  0.290602  0.263633  0.369154  0.216055  0.266462  
0.475717  0.48864  0.48526  0.219194  0.27828  0.250627  0.262461  0.2611  0.371492  0.318217  0.233519  0.304107  0.301364  0.214878  0.20393  0.268396  0.200794  0.211504  0.281836  0.188262  0.165475  0.282087  0  0.267639  0.073474  0.25858  0.308626  0.0916983  0.0234975  0.258898  0.115173  0.202133  0.247185  0.227621  0.296719  0.268975  0.225991  0.258416  0.325936  0.333965  0.212003  0.288226  0.208124  0.220147  0.196561  0.236039  0.200303  0.306627  0.2707  0.340716  0.296451  0.177696  0.268121  0.179757  0.20942  0.195271  0.278576  0.254349  0.364393  0.25702  0.191221  
0.50001  0.501646  0.489896  0.238808  0.321957  0.212135  0.250464  0.254433  0.3986  0.357609  0.172347  0.3208  0.317587  0.175967  0.257854  0.312461  0.26008  0.273542  0.267298  0.296766  0.281117  0.185246  0.267639  0  0.22392  0.232949  0.323889  0.266129  0.27643  0.236353  0.249003  0.262445  0.265788  0.232424  0.232584  0.28109  0.20247  0.274773  0.298035  0.333556  0.288511  0.292881  0.29702  0.185398  0.289421  0.203542  0.229867  0.332694  0.210154  0.365607  0.307571  0.303569  0.338009  0.237077  0.18128  0.254702  0.339983  0.279803  0.402538  0.255094  0.29495  
0.480632  0.493525  0.483226  0.223448  0.270598  0.239344  0.25161  0.280202  0.353382  0.316296  0.237185  0.309247  0.304397  0.2335  0.19734  0.29018  0.192313  0.203096  0.284931  0.212118  0.150253  0.271594  0.073474  0.22392  0  0.250996  0.309872  0.0944798  0.0649949  0.262144  0.11528  0.199585  0.260358  0.232273  0.274084  0.251122  0.216055  0.232563  0.307345  0.332884  0.2092  0.28509  0.236465  0.222625  0.222011  0.221424  0.198535  0.308609  0.265644  0.328982  0.304413  0.203224  0.268065  0.181828  0.228151  0.211867  0.299968  0.255064  0.365449  0.263136  0.175187  
0.48679  0.481705  0.471655  0.20198  0.339534  0.22225  0.281433  0.183119  0.371516  0.330397  0.240008  0.320814  0.306538  0.242533  0.190867  0.290641  0.244114  0.251693  0.269304  0.257326  0.245764  0.215646  0.25858  0.232949  0.250996  0  0.304406  0.249635  0.254836  0.253588  0.287329  0.2467  0.292358  0.213468  0.275483  0.235462  0.187722  0.287857  0.31656  0.360096  0.246114  0.310118  0.244157  0.228776  0.245734  0.225734  0.23824  0.312343  0.215909  0.333229  0.306252  0.294095  0.284409  0.239959  0.227865  0.221262  0.313517  0.260941  0.363525  0.264143  0.229179  
0.48649  0.489549  0.488631  0.285713  0.249042  0.288682  0.313783  0.277672  0.312958  0.176462  0.288859  0.294445  0.125325  0.273326  0.311519  0.305303  0.318192  0.323893  0.32748  0.307552  0.300253  0.304533  0.308626  0.323889  0.309872  0.304406  0  0.315728  0.302563  0.295233  0.325805  0.288409  0.291446  0.29572  0.302542  0.306001  0.292633  0.266587  0.376702  0.284581  0.314873  0.251148  0.330488  0.261688  0.317789  0.283229  0.270993  0.383109  0.298492  0.237427  0.196977  0.301482  0.262452  0.285689  0.254436  0.301963  0.190142  0.329922  0.322899  0.301495  0.318579  
0.480419  0.48676  0.490629  0.217851  0.264816  0.248276  0.250133  0.275446  0.370451  0.326628  0.222799  0.308749  0.309314  0.232544  0.193583  0.264129  0.169458  0.207528  0.292707  0.173937  0.184754  0.276322  0.0916983  0.266129  0.0944798  0.249635  0.315728  0  0.0826455  0.261365  0.0906594  0.198384  0.235111  0.222616  0.300627  0.244489  0.214107  0.2667  0.326753  0.335825  0.207571  0.286416  0.212405  0.22253  0.16702  0.226168  0.201246  0.307073  0.271544  0.338506  0.303373  0.178776  0.276764  0.145047  0.220443  0.148419  0.292692  0.246372  0.370212  0.255099  0.179871  
0.474091  0.491392  0.480815  0.226786  0.279663  0.254935  0.256511  0.264371  0.375968  0.319039  0.23838  0.323416  0.293427  0.227875  0.200398  0.25444  0.201991  0.216295  0.285231  0.193367  0.174878  0.293525  0.0234975  0.27643  0.0649949  0.254836  0.302563  0.0826455  0  0.258402  0.116261  0.210497  0.251572  0.24746  0.302486  0.249028  0.2371  0.264318  0.322586  0.338732  0.207692  0.278411  0.214173  0.236805  0.189736  0.237595  0.207909  0.31172  0.27146  0.337906  0.310734  0.182603  0.268104  0.184673  0.223746  0.196754  0.293478  0.248361  0.367273  0.253155  0.192879  
0.470923  0.487807  0.472841  0.234285  0.351608  0.258555  0.266647  0.286801  0.391541  0.317412  0.226193  0.29492  0.326191  0.175321  0.26497  0.310024  0.234618  0.228962  0.276131  0.285159  0.280425  0.218836  0.258898  0.236353  0.262144  0.253588  0.295233  0.261365  0.258402  0  0.252718  0.237266  0.283074  0.235063  0.111012  0.268585  0.2347  0.280168  0.324799  0.35456  0.295391  0.312767  0.260906  0.174879  0.256148  0.24697  0.233389  0.337645  0.13175  0.368427  0.292103  0.255184  0.321323  0.241255  0.172264  0.259519  0.3155  0.238722  0.407116  0.0414016  0.256094  
0.476402  0.493598  0.489369  0.238557  0.278579  0.262953  0.278246  0.299716  0.37221  0.334472  0.270874  0.33466  0.324161  0.246123  0.212373  0.324689  0.197244  0.210016  0.301924  0.21707  0.200216  0.285336  0.115173  0.249003  0.11528  0.287329  0.325805  0.0906594  0.116261  0.252718  0  0.194499  0.291488  0.225812  0.255929  0.282325  0.219193  0.237951  0.330216  0.358867  0.215473  0.292285  0.217343  0.236959  0.228392  0.241569  0.208423  0.315494  0.275226  0.335452  0.309494  0.205774  0.289355  0.192769  0.243907  0.222506  0.318356  0.252483  0.384896  0.271286  0.188314  
0.481586  0.493124  0.480726  0.208325  0.325633  0.242722  0.259116  0.279527  0.394077  0.32478  0.250403  0.300446  0.324552  0.224081  0.172996  0.315501  0.105675  0.102832  0.30992  0.127426  0.169677  0.275528  0.202133  0.262445  0.199585  0.2467  0.288409  0.198384  0.210497  0.237266  0.194499  0  0.284251  0.233338  0.264806  0.297384  0.214352  0.173101  0.327134  0.337627  0.17598  0.272982  0.202616  0.227457  0.159525  0.227794  0.170161  0.259655  0.234386  0.355214  0.305586  0.201063  0.302297  0.055762  0.218398  0.185733  0.33498  0.229747  0.394076  0.253006  0.153443  
0.491508  0.486924  0.49061  0.250505  0.335852  0.26177  0.244414  0.277021  0.385234  0.347471  0.264248  0.264773  0.324714  0.23274  0.256804  0.11773  0.275978  0.266892  0.282049  0.280661  0.25521  0.282944  0.247185  0.265788  0.260358  0.292358  0.291446  0.235111  0.251572  0.283074  0.291488  0.284251  0  0.274343  0.333712  0.301198  0.269903  0.240377  0.299065  0.343088  0.319789  0.305016  0.270387  0.232163  0.226502  0.262411  0.200782  0.325247  0.273445  0.380011  0.327634  0.236389  0.270193  0.23962  0.228873  0.282366  0.341939  0.265874  0.389999  0.283281  0.242397  
0.486999  0.488504  0.482651  0.131627  0.291491  0.227462  0.253482  0.249516  0.369117  0.323184  0.190195  0.293324  0.315422  0.181587  0.237654  0.298368  0.235444  0.253759  0.249423  0.258819  0.252838  0.210731  0.227621  0.232424  0.232273  0.213468  0.29572  0.222616  0.24746  0.235063  0.225812  0.233338  0.274343  0  0.258763  0.244737  0.0952641  0.255583  0.313039  0.336647  0.255863  0.284562  0.243346  0.189675  0.242204  0.118961  0.224389  0.302001  0.190099  0.337282  0.29531  0.249945  0.31611  0.221568  0.177019  0.221218  0.28993  0.251421  0.393211  0.231965  0.263883  
0.483185  0.494021  0.488131  0.266144  0.369727  0.311197  0.309394  0.290757  0.407885  0.319012  0.261327  0.321944  0.335053  0.208615  0.308808  0.359545  0.254119  0.263478  0.319341  0.307227  0.339187  0.264235  0.296719  0.232584  0.274084  0.275483  0.302542  0.300627  0.302486  0.111012  0.255929  0.264806  0.333712  0.258763  0  0.286582  0.231395  0.312402  0.310327  0.38379  0.315488  0.317006  0.30908  0.20758  0.31082  0.270238  0.266629  0.353715  0.129599  0.380053  0.316328  0.325458  0.348483  0.281603  0.189206  0.27766  0.322654  0.281202  0.427012  0.128439  0.304624  
0.498213  0.498171  0.49153  0.227691  0.333688  0.22665  0.319049  0.241461  0.383225  0.264116  0.207531  0.351152  0.292287  0.239487  0.269415  0.29829  0.268837  0.28471  0.304098  0.305292  0.304105  0.235832  0.268975  0.28109  0.251122  0.235462  0.306001  0.244489  0.249028  0.268585  0.282325  0.297384  0.301198  0.244737  0.286582  0  0.220752  0.360391  0.338515  0.3479  0.273557  0.346692  0.300406  0.228886  0.261327  0.253019  0.292918  0.360686  0.259185  0.350689  0.293773  0.283778  0.33957  0.282668  0.227739  0.231408  0.307084  0.298494  0.368782  0.280263  0.271775  
0.481174  0.487322  0.481916  0.111738  0.288474  0.211467  0.251159  0.220697  0.368732  0.33289  0.184311  0.297048  0.309017  0.15945  0.235248  0.29838  0.21997  0.232214  0.272392  0.249917  0.258704  0.216291  0.225991  0.20247  0.216055  0.187722  0.292633  0.214107  0.2371  0.2347  0.219193  0.214352  0.269903  0.0952641  0.231395  0.220752  0  0.256666  0.295576  0.340595  0.251092  0.281877  0.250504  0.178937  0.244574  0.0851756  0.204977  0.30569  0.182927  0.33101  0.29271  0.249832  0.317607  0.199553  0.1517  0.209594  0.292459  0.259244  0.389074  0.233456  0.254356  
0.47134  0.481761  0.476104  0.255369  0.321741  0.232884  0.266084  0.286844  0.376528  0.325653  0.295112  0.239988  0.305121  0.235626  0.223347  0.265263  0.201448  0.201742  0.262618  0.248348  0.201073  0.29452  0.258416  0.274773  0.232563  0.287857  0.266587  0.2667  0.264318  0.280168  0.237951  0.173101  0.240377  0.255583  0.312402  0.360391  0.256666  0  0.344125  0.349802  0.247983  0.24591  0.247152  0.237593  0.19595  0.2568  0.149489  0.286911  0.285421  0.334984  0.318535  0.21492  0.295023  0.207215  0.223839  0.28311  0.314307  0.265884  0.38075  0.288991  0.16683  
0.483282  0.516103  0.48327  0.287235  0.362127  0.293603  0.326897  0.342185  0.41606  0.347071  0.312452  0.377621  0.383324  0.301404  0.331352  0.347467  0.321937  0.330739  0.318123  0.332493  0.337722  0.313431  0.325936  0.298035  0.307345  0.31656  0.376702  0.326753  0.322586  0.324799  0.330216  0.327134  0.299065  0.313039  0.310327  0.338515  0.295576  0.344125  0  0.401996  0.358699  0.290934  0.383141  0.30537  0.341858  0.314309  0.305882  0.428364  0.304643  0.411459  0.368853  0.327308  0.375102  0.295861  0.29652  0.323068  0.379102  0.323131  0.442078  0.333219  0.351433  
0.490755  0.501995  0.498736  0.332779  0.297625  0.352893  0.32862  0.364943  0.243329  0.303751  0.33824  0.38262  0.302089  0.313317  0.342023  0.398929  0.362969  0.366286  0.357805  0.339819  0.315905  0.357584  0.333965  0.333556  0.332884  0.360096  0.284581  0.335825  0.338732  0.35456  0.358867  0.337627  0.343088  0.336647  0.38379  0.3479  0.340595  0.349802  0.401996  0  0.364673  0.366775  0.339984  0.325055  0.353105  0.317339  0.332803  0.380497  0.340923  0.22038  0.345626  0.358789  0.263754  0.339312  0.310406  0.364426  0.323651  0.36808  0.263872  0.348486  0.339996  
0.483459  0.491731  0.47557  0.243819  0.319171  0.263084  0.268544  0.287087  0.364266  0.33906  0.255535  0.277698  0.312352  0.242049  0.126665  0.308155  0.19619  0.198742  0.349308  0.227893  0.178251  0.290585  0.212003  0.288511  0.2092  0.246114  0.314873  0.207571  0.207692  0.295391  0.215473  0.17598  0.319789  0.255863  0.315488  0.273557  0.251092  0.247983  0.358699  0.364673  0  0.323092  0.18267  0.244595  0.177306  0.254177  0.236884  0.24052  0.256594  0.329305  0.292292  0.191933  0.262644  0.170479  0.229107  0.264919  0.333059  0.266909  0.371834  0.309003  0.173095  
0.483595  0.494502  0.473116  0.277526  0.275958  0.28014  0.291255  0.305934  0.334964  0.314353  0.274582  0.293135  0.264017  0.277544  0.296102  0.348347  0.292195  0.288538  0.295469  0.29306  0.299029  0.290783  0.288226  0.292881  0.28509  0.310118  0.251148  0.286416  0.278411  0.312767  0.292285  0.272982  0.305016  0.284562  0.317006  0.346692  0.281877  0.24591  0.290934  0.366775  0.323092  0  0.313656  0.26732  0.30788  0.273064  0.254482  0.358133  0.302544  0.326528  0.264962  0.277099  0.300332  0.268224  0.261719  0.277618  0.305858  0.272349  0.373852  0.31271  0.311716  
0.472775  0.491574  0.479708  0.254199  0.334996  0.269938  0.289435  0.303416  0.387044  0.339038  0.267669  0.292156  0.345625  0.226404  0.183975  0.316421  0.182679  0.217285  0.34169  0.220982  0.145673  0.29711  0.208124  0.29702  0.236465  0.244157  0.330488  0.212405  0.214173  0.260906  0.217343  0.202616  0.270387  0.243346  0.30908  0.300406  0.250504  0.247152  0.383141  0.339984  0.18267  0.313656  0  0.234983  0.171194  0.269644  0.185314  0.274944  0.277501  0.341999  0.311068  0.1873  0.264956  0.195602  0.219794  0.227715  0.327493  0.261687  0.384701  0.271911  0.212104  
0.485666  0.494471  0.485449  0.194473  0.285524  0.17571  0.227856  0.230553  0.375613  0.298734  0.158185  0.243413  0.295239  0.0825572  0.24586  0.286844  0.235918  0.237729  0.254894  0.255199  0.246034  0.177036  0.220147  0.185398  0.222625  0.228776  0.261688  0.22253  0.236805  0.174879  0.236959  0.227457  0.232163  0.189675  0.20758  0.228886  0.178937  0.237593  0.30537  0.325055  0.244595  0.26732  0.234983  0  0.232289  0.176174  0.192009  0.304184  0.184856  0.326797  0.277551  0.238401  0.297922  0.204134  0.0776495  0.213721  0.270527  0.215879  0.378404  0.185636  0.236689  
0.474863  0.489171  0.471683  0.222323  0.337832  0.245169  0.267215  0.26717  0.376792  0.346389  0.230438  0.275873  0.306961  0.215435  0.12448  0.246472  0.161617  0.196445  0.322357  0.173076  0.192249  0.280165  0.196561  0.289421  0.222011  0.245734  0.317789  0.16702  0.189736  0.256148  0.228392  0.159525  0.226502  0.242204  0.31082  0.261327  0.244574  0.19595  0.341858  0.353105  0.177306  0.30788  0.171194  0.232289  0  0.257993  0.165976  0.199812  0.262902  0.342944  0.312802  0.181744  0.257311  0.156055  0.222749  0.180676  0.342466  0.229088  0.371064  0.260703  0.150291  
0.485083  0.483488  0.489515  0.144786  0.271086  0.217579  0.225599  0.241605  0.381667  0.330329  0.172217  0.29354  0.301781  0.156306  0.241841  0.30689  0.246141  0.257662  0.243243  0.24908  0.259615  0.214085  0.236039  0.203542  0.221424  0.225734  0.283229  0.226168  0.237595  0.24697  0.241569  0.227794  0.262411  0.118961  0.270238  0.253019  0.0851756  0.2568  0.314309  0.317339  0.254177  0.273064  0.269644  0.176174  0.257993  0  0.212783  0.325569  0.182982  0.331708  0.289709  0.261599  0.312499  0.212528  0.151669  0.200938  0.302815  0.233734  0.379696  0.232719  0.240345  
0.470407  0.482918  0.478212  0.199972  0.301222  0.206698  0.238291  0.243634  0.375505  0.335578  0.220087  0.234436  0.288382  0.192671  0.185303  0.262726  0.155621  0.171261  0.253333  0.194117  0.18755  0.268795  0.200303  0.229867  0.198535  0.23824  0.270993  0.201246  0.207909  0.233389  0.208423  0.170161  0.200782  0.224389  0.266629  0.292918  0.204977  0.149489  0.305882  0.332803  0.236884  0.254482  0.185314  0.192009  0.165976  0.212783  0  0.26021  0.225393  0.323782  0.26815  0.121495  0.2793  0.149998  0.187296  0.190018  0.317442  0.217958  0.385104  0.239089  0.202648  
0.48214  0.495635  0.482783  0.308153  0.391032  0.321739  0.32258  0.321562  0.407074  0.403812  0.326731  0.31188  0.38661  0.266655  0.210914  0.369175  0.267163  0.262979  0.379072  0.323978  0.251693  0.35523  0.306627  0.332694  0.308609  0.312343  0.383109  0.307073  0.31172  0.337645  0.315494  0.259655  0.325247  0.302001  0.353715  0.360686  0.30569  0.286911  0.428364  0.380497  0.24052  0.358133  0.274944  0.304184  0.199812  0.325569  0.26021  0  0.31265  0.382101  0.370721  0.30028  0.345786  0.260307  0.269865  0.304486  0.402203  0.310295  0.422724  0.349221  0.247701  
0.494974  0.496821  0.484201  0.209101  0.324054  0.244148  0.243576  0.249096  0.396739  0.331691  0.193834  0.292873  0.324595  0.176848  0.222848  0.29076  0.226663  0.239164  0.254439  0.274562  0.279206  0.196394  0.2707  0.210154  0.265644  0.215909  0.298492  0.271544  0.27146  0.13175  0.275226  0.234386  0.273445  0.190099  0.129599  0.259185  0.182927  0.285421  0.304643  0.340923  0.256594  0.302544  0.277501  0.184856  0.262902  0.182982  0.225393  0.31265  0  0.343481  0.313215  0.265195  0.334841  0.23269  0.14165  0.256905  0.312971  0.233247  0.403329  0.135763  0.265708  
0.485483  0.492645  0.485877  0.36059  0.256837  0.339494  0.363588  0.350061  0.179636  0.278694  0.332602  0.346862  0.227922  0.337013  0.326041  0.383322  0.353261  0.367719  0.336194  0.355672  0.338571  0.352295  0.340716  0.365607  0.328982  0.333229  0.237427  0.338506  0.337906  0.368427  0.335452  0.355214  0.380011  0.337282  0.380053  0.350689  0.33101  0.334984  0.411459  0.22038  0.329305  0.326528  0.341999  0.326797  0.342944  0.331708  0.323782  0.382101  0.343481  0  0.274444  0.357246  0.218567  0.349555  0.329484  0.34082  0.301175  0.358664  0.221594  0.379973  0.334803  
0.478668  0.477876  0.472624  0.29685  0.238058  0.290152  0.343481  0.313107  0.334407  0.224374  0.28011  0.305816  0.221572  0.277307  0.297438  0.338811  0.282315  0.310034  0.309455  0.312359  0.308116  0.30781  0.296451  0.307571  0.304413  0.306252  0.196977  0.303373  0.310734  0.292103  0.309494  0.305586  0.327634  0.29531  0.316328  0.293773  0.29271  0.318535  0.368853  0.345626  0.292292  0.264962  0.311068  0.277551  0.312802  0.289709  0.26815  0.370721  0.313215  0.274444  0  0.319682  0.256396  0.28495  0.263754  0.256357  0.215131  0.306379  0.357116  0.307332  0.331474  
0.484544  0.485559  0.48432  0.231221  0.310903  0.24961  0.251348  0.269415  0.380616  0.341004  0.22585  0.27981  0.299536  0.23339  0.196746  0.240847  0.165279  0.192421  0.27952  0.198712  0.174537  0.287394  0.177696  0.303569  0.203224  0.294095  0.301482  0.178776  0.182603  0.255184  0.205774  0.201063  0.236389  0.249945  0.325458  0.283778  0.249832  0.21492  0.327308  0.358789  0.191933  0.277099  0.1873  0.238401  0.181744  0.261599  0.121495  0.30028  0.265195  0.357246  0.319682  0  0.3029  0.167242  0.223637  0.174223  0.320279  0.262435  0.40106  0.255788  0.197474  
0.467263  0.495847  0.482136  0.318847  0.275268  0.310057  0.319794  0.324872  0.261079  0.299279  0.305494  0.29338  0.237394  0.300534  0.241262  0.286872  0.31806  0.324763  0.317693  0.312198  0.274085  0.312355  0.268121  0.338009  0.268065  0.284409  0.262452  0.276764  0.268104  0.321323  0.289355  0.302297  0.270193  0.31611  0.348483  0.33957  0.317607  0.295023  0.375102  0.263754  0.262644  0.300332  0.264956  0.297922  0.257311  0.312499  0.2793  0.345786  0.334841  0.218567  0.256396  0.3029  0  0.30549  0.300114  0.306478  0.308521  0.317575  0.30512  0.329328  0.259201  
0.477997  0.469393  0.465146  0.186604  0.308301  0.228482  0.22969  0.232402  0.385832  0.324114  0.209553  0.255733  0.295411  0.215261  0.151233  0.297973  0.0912242  0.102937  0.290484  0.117289  0.188738  0.263017  0.179757  0.237077  0.181828  0.239959  0.285689  0.145047  0.184673  0.241255  0.192769  0.055762  0.23962  0.221568  0.281603  0.282668  0.199553  0.207215  0.295861  0.339312  0.170479  0.268224  0.195602  0.204134  0.156055  0.212528  0.149998  0.260307  0.23269  0.349555  0.28495  0.167242  0.30549  0  0.205315  0.152045  0.308021  0.235892  0.382825  0.237721  0.17549  
0.480819  0.491186  0.483888  0.180272  0.281073  0.168934  0.210577  0.224441  0.365387  0.302657  0.131451  0.240961  0.281317  0.0356885  0.21799  0.267441  0.221728  0.228826  0.250358  0.239986  0.237905  0.17767  0.20942  0.18128  0.228151  0.227865  0.254436  0.220443  0.223746  0.172264  0.243907  0.218398  0.228873  0.177019  0.189206  0.227739  0.1517  0.223839  0.29652  0.310406  0.229107  0.261719  0.219794  0.0776495  0.222749  0.151669  0.187296  0.269865  0.14165  0.329484  0.263754  0.223637  0.300114  0.205315  0  0.201693  0.278322  0.22734  0.362653  0.181159  0.236707  
0.479552  0.487596  0.487805  0.213932  0.288772  0.193177  0.282361  0.234274  0.390358  0.30682  0.187519  0.315085  0.273527  0.20779  0.190396  0.28816  0.172831  0.226899  0.24991  0.174055  0.22388  0.261187  0.195271  0.254702  0.211867  0.221262  0.301963  0.148419  0.196754  0.259519  0.222506  0.185733  0.282366  0.221218  0.27766  0.231408  0.209594  0.28311  0.323068  0.364426  0.264919  0.277618  0.227715  0.213721  0.180676  0.200938  0.190018  0.304486  0.256905  0.34082  0.256357  0.174223  0.306478  0.152045  0.201693  0  0.281328  0.269755  0.392402  0.266519  0.237145  
0.456814  0.494249  0.480487  0.315997  0.269654  0.311201  0.333054  0.311167  0.342784  0.151939  0.28621  0.328541  0.174315  0.288187  0.341033  0.331755  0.333144  0.342398  0.353547  0.318928  0.336583  0.290602  0.278576  0.339983  0.299968  0.313517  0.190142  0.292692  0.293478  0.3155  0.318356  0.33498  0.341939  0.28993  0.322654  0.307084  0.292459  0.314307  0.379102  0.323651  0.333059  0.305858  0.327493  0.270527  0.342466  0.302815  0.317442  0.402203  0.312971  0.301175  0.215131  0.320279  0.308521  0.308021  0.278322  0.281328  0  0.362374  0.35336  0.306955  0.35304  
0.476084  0.485305  0.480891  0.2257  0.341113  0.2236  0.179741  0.261982  0.402669  0.37593  0.262432  0.248243  0.350351  0.232427  0.229703  0.297308  0.234051  0.232432  0.260768  0.27233  0.251174  0.263633  0.254349  0.279803  0.255064  0.260941  0.329922  0.246372  0.248361  0.238722  0.252483  0.229747  0.265874  0.251421  0.281202  0.298494  0.259244  0.265884  0.323131  0.36808  0.266909  0.272349  0.261687  0.215879  0.229088  0.233734  0.217958  0.310295  0.233247  0.358664  0.306379  0.262435  0.317575  0.235892  0.22734  0.269755  0.362374  0  0.406715  0.255824  0.253376  
0.495737  0.505386  0.494666  0.385209  0.303141  0.369192  0.377082  0.38194  0.0991861  0.347508  0.352627  0.390976  0.317688  0.373502  0.372268  0.386966  0.40783  0.409378  0.390716  0.379841  0.37398  0.369154  0.364393  0.402538  0.365449  0.363525  0.322899  0.370212  0.367273  0.407116  0.384896  0.394076  0.389999  0.393211  0.427012  0.368782  0.389074  0.38075  0.442078  0.263872  0.371834  0.373852  0.384701  0.378404  0.371064  0.379696  0.385104  0.422724  0.403329  0.221594  0.357116  0.40106  0.30512  0.382825  0.362653  0.392402  0.35336  0.406715  0  0.402094  0.361525  
0.476932  0.488225  0.471201  0.232998  0.335939  0.262806  0.266101  0.288194  0.398857  0.318009  0.219461  0.30358  0.331006  0.18707  0.27558  0.317563  0.243434  0.239336  0.274033  0.281241  0.273075  0.216055  0.25702  0.255094  0.263136  0.264143  0.301495  0.255099  0.253155  0.0414016  0.271286  0.253006  0.283281  0.231965  0.128439  0.280263  0.233456  0.288991  0.333219  0.348486  0.309003  0.31271  0.271911  0.185636  0.260703  0.232719  0.239089  0.349221  0.135763  0.379973  0.307332  0.255788  0.329328  0.237721  0.181159  0.266519  0.306955  0.255824  0.402094  0  0.261047  
0.474194  0.485547  0.480363  0.228971  0.33267  0.22691  0.252254  0.282277  0.372434  0.348439  0.240223  0.268615  0.34795  0.236596  0.115156  0.270013  0.1824  0.161713  0.320872  0.21648  0.164431  0.266462  0.191221  0.29495  0.175187  0.229179  0.318579  0.179871  0.192879  0.256094  0.188314  0.153443  0.242397  0.263883  0.304624  0.271775  0.254356  0.16683  0.351433  0.339996  0.173095  0.311716  0.212104  0.236689  0.150291  0.240345  0.202648  0.247701  0.265708  0.334803  0.331474  0.197474  0.259201  0.17549  0.236707  0.237145  0.35304  0.253376  0.361525  0.261047  0  
