0  0.425906  0.432633  0.352885  0.44511  0.477625  0.394581  0.422488  0.405188  0.37548  
0.425906  0  0.420889  0.40495  0.3642  0.418011  0.45234  0.38507  0.4309  0.46218  
0.432633  0.420889  0  0.406379  0.430946  0.432703  0.483982  0.399944  0.411308  0.422686  
0.352885  0.40495  0.406379  0  0.456029  0.421832  0.383552  0.398913  0.461764  0.411802  
0.44511  0.3642  0.430946  0.456029  0  0.416301  0.334315  0.434485  0.347168  0.441519  
0.477625  0.418011  0.432703  0.421832  0.416301  0  0.388762  0.417711  0.477595  0.425089  
0.394581  0.45234  0.483982  0.383552  0.334315  0.388762  0  0.409626  0.441865  0.414614  
0.422488  0.38507  0.399944  0.398913  0.434485  0.417711  0.409626  0  0.406809  0.466324  
0.405188  0.4309  0.411308  0.461764  0.347168  0.477595  0.441865  0.406809  0  0.412339  
0.37548  0.46218  0.422686  0.411802  0.441519  0.425089  0.414614  0.466324  0.412339  0  
