0  0.0481372  0.529556  0.344548  0.517756  0.162083  
0.0481372  0  0.525965  0.349294  0.516143  0.170095  
0.529556  0.525965  0  0.518275  0.514611  0.525494  
0.344548  0.349294  0.518275  0  0.520807  0.329238  
0.517756  0.516143  0.514611  0.520807  0  0.522851  
0.162083  0.170095  0.525494  0.329238  0.522851  0  
