seq1      0  0.42590623  0.43263277  0.35288527  0.4451103  0.47762496  0.39458085  0.42248764  0.40518801  0.37547984  
seq2      0.42590623  0  0.42088903  0.40495046  0.36419954  0.41801073  0.45233961  0.38507026  0.4308996  0.46218016  
seq3      0.43263277  0.42088903  0  0.40637931  0.43094597  0.43270305  0.48398203  0.39994384  0.41130761  0.42268611  
seq4      0.35288527  0.40495046  0.40637931  0  0.45602926  0.42183161  0.38355151  0.39891317  0.46176428  0.41180204  
seq5      0.4451103  0.36419954  0.43094597  0.45602926  0  0.41630098  0.33431532  0.43448453  0.34716782  0.44151931  
seq6      0.47762496  0.41801073  0.43270305  0.42183161  0.41630098  0  0.38876241  0.41771086  0.47759473  0.42508885  
seq7      0.39458085  0.45233961  0.48398203  0.38355151  0.33431532  0.38876241  0  0.40962584  0.44186494  0.41461419  
seq8      0.42248764  0.38507026  0.39994384  0.39891317  0.43448453  0.41771086  0.40962584  0  0.40680867  0.46632355  
seq9      0.40518801  0.4308996  0.41130761  0.46176428  0.34716782  0.47759473  0.44186494  0.40680867  0  0.41233881  
seq10     0.37547984  0.46218016  0.42268611  0.41180204  0.44151931  0.42508885  0.41461419  0.46632355  0.41233881  0  
